293 4 110 150
449 6 110 150
605 7 110 150
757 0 110 150
911 0 110 150
1058 5 110 150
1219 0 110 150
1371 5 110 150
1525 5 110 150
1681 4 110 150
1829 8 110 150
295 207 110 150
444 204 110 150
603 206 110 150
762 203 110 150
915 200 110 150
1058 205 110 150
1218 203 110 150
1367 206 110 150
1526 208 110 150
1677 202 110 150
1833 206 110 150
299 408 110 150
448 406 110 150
605 404 110 150
759 403 110 150
915 401 110 150
1056 403 110 150
1215 406 110 150
1366 403 110 150
1521 407 110 150
1678 406 110 150
1831 406 110 150
303 609 110 150
449 606 110 150
610 605 110 150
757 607 110 150
917 606 110 150
1053 603 110 150
1212 604 110 150
1364 603 110 150
1521 603 110 150
1676 606 110 150
1826 605 110 150
